3.330669e-16 2.326810e-11 -4.440892e-16
0.000100e-05 -2.839928e-02 0.000001e-16
0.000001e-02 -5.676064e-02 2.000000e-01
0.000001e-01 -8.515762e-02 4.000000e-01
0.000001e-01 -1.135202e-01 6.000000e-01
0.000001e-01 -1.419150e-01 8.000000e-01
0.000001e-01 -1.702743e-01 1.000000e+00
0.000001e-01 -1.986703e-01 1.200000e+00
0.000001e+00 -2.270290e-01 1.400000e+00
0.000001e+00 -2.554151e-01 1.600000e+00
0.000001e+00 -2.838096e-01 1.800000e+00
0.000001e+00 -3.121547e-01 2.000000e+00
0.000001e+00 -3.405416e-01 2.200000e+00
0.000001e+00 -3.689250e-01 2.400000e+00
0.000001e+00 -3.973964e-01 2.600000e+00
0.000001e+00 -4.239119e-01 2.800000e+00
0.000001e+00 -4.540039e-01 3.000000e+00
0.000001e+00 -4.840770e-01 3.200000e+00
0.000001e+00 -5.155070e-01 3.400000e+00
0.000001e+00 -5.464705e-01 3.600000e+00
0.000001e+00 -5.783595e-01 3.800000e+00
0.000001e+00 -6.092403e-01 4.000000e+00
0.000001e+00 -6.387363e-01 4.200000e+00
0.000001e+00 -6.686219e-01 4.400000e+00
0.000001e+00 -6.990778e-01 4.600000e+00
0.000001e+00 -7.287421e-01 4.800000e+00
0.000001e+00 -7.604717e-01 5.000000e+00
0.000001e+00 -7.929673e-01 5.200000e+00
0.000001e+00 -8.209244e-01 5.400000e+00
0.000001e+00 -8.456208e-01 5.600000e+00
0.000001e+00 -8.702127e-01 5.800000e+00
0.000001e+00 -8.971121e-01 6.000000e+00
0.000001e+00 -9.254151e-01 6.200000e+00
0.000001e+00 -9.555630e-01 6.400000e+00
0.000001e+00 -9.838377e-01 6.600000e+00
0.000001e+00 -1.011772e+00 6.800000e+00
0.000001e+00 -1.036363e+00 7.000000e+00
0.000001e+00 -1.059789e+00 7.200000e+00
0.000001e+00 -1.088016e+00 7.400000e+00
0.000001e+00 -1.129880e+00 7.600000e+00
0.000001e+00 -1.194548e+00 7.800000e+00
0.000001e+00 -1.249881e+00 8.000000e+00
0.000001e+00 -1.305052e+00 8.000000e+00
0.000001e+00 -1.349142e+00 8.000000e+00
0.000001e+00 -1.393047e+00 8.642460e+00
0.000001e+00 -1.426813e+00 8.835850e+00
0.000001e+00 -1.460731e+00 9.000000e+00
9.590000e-03 -1.489501e+00 9.151490e+00
4.047000e-02 -1.522850e+00 9.303980e+00
9.453340e-02 -1.559885e+00 9.453340e+00
1.756200e-01 -1.593756e+00 9.594010e+00
2.803900e-01 -1.629817e+00 9.719610e+00
4.059900e-01 -1.664529e+00 9.824380e+00
5.059900e-01 -1.697621e+00 9.904660e+00
6.960200e-01 -1.729013e+00 9.959530e+00
8.485100e-01 -1.766742e+00 9.990410e+00
1.000000e+00 -1.798994e+00 1.000000e+01
1.164150e+00 -1.830051e+00 1.000000e+01
1.357540e+00 -1.858398e+00 1.000000e+01
1.572730e+00 -1.886487e+00 1.000000e+01
1.791930e+00 -1.913841e+00 1.000000e+01
2.000000e+00 -1.938229e+00 1.000000e+01
2.200000e+00 -1.956763e+00 1.000000e+01
2.400000e+00 -1.975962e+00 1.000000e+01
2.600000e+00 -1.998111e+00 1.000000e+01
2.800000e+00 -2.021539e+00 1.000000e+01
3.000000e+00 -2.049159e+00 1.000000e+01
3.200000e+00 -2.078109e+00 1.000000e+01
3.400000e+00 -2.112094e+00 1.000000e+01
3.600000e+00 -2.145353e+00 1.000000e+01
3.800000e+00 -2.173835e+00 1.000000e+01
4.000000e+00 -2.201409e+00 1.000000e+01
4.200000e+00 -2.230822e+00 1.000000e+01
4.400000e+00 -2.258366e+00 1.000000e+01
4.600000e+00 -2.283310e+00 1.000000e+01
4.800000e+00 -2.307845e+00 1.000000e+01
5.000000e+00 -2.329476e+00 1.000000e+01
5.200000e+00 -2.355391e+00 1.000000e+01
5.400000e+00 -2.382091e+00 1.000000e+01
5.600000e+00 -2.409731e+00 1.000000e+01
5.800000e+00 -2.432982e+00 1.000000e+01
6.000000e+00 -2.459523e+00 1.000000e+01
6.208070e+00 -2.490277e+00 1.000000e+01
6.427270e+00 -2.525955e+00 1.000000e+01
6.642460e+00 -2.556654e+00 1.000000e+01
6.835850e+00 -2.585469e+00 1.000000e+01
7.000000e+00 -2.616742e+00 1.000000e+01
7.151490e+00 -2.646048e+00 1.000959e+01
7.303980e+00 -2.675699e+00 1.004047e+01
7.453340e+00 -2.701840e+00 1.009534e+01
7.594010e+00 -2.729207e+00 1.017652e+01
7.719610e+00 -2.756800e+00 1.028039e+01
7.824380e+00 -2.780022e+00 1.040599e+01
7.904660e+00 -2.801727e+00 1.054660e+01
7.959530e+00 -2.822088e+00 1.069602e+01
7.990410e+00 -2.839863e+00 1.084851e+01
8.000000e+00 -2.859306e+00 1.100000e+01
8.000000e+00 -2.878004e+00 1.116415e+01
8.000000e+00 -2.895751e+00 1.135754e+01
8.000000e+00 -2.911918e+00 1.157273e+01
8.000000e+00 -2.926167e+00 1.179193e+01
8.000000e+00 -2.942364e+00 1.200000e+01
8.000000e+00 -2.961855e+00 1.220000e+01
8.000000e+00 -2.980545e+00 1.240000e+01
8.000000e+00 -2.995233e+00 1.260000e+01
8.000000e+00 -3.006846e+00 1.280000e+01
8.000000e+00 -3.018353e+00 1.300000e+01
8.000000e+00 -3.030941e+00 1.320000e+01
8.000000e+00 -3.048142e+00 1.340000e+01
8.000000e+00 -3.063358e+00 1.360000e+01
8.000000e+00 -3.074584e+00 1.380000e+01
2.508137e+00 -3.084460e+00 8.782010e+01
2.182602e+00 -3.093149e+00 8.800813e+01
1.847638e+00 -3.103538e+00 8.818799e+01
1.511055e+00 -3.116572e+00 8.834349e+01
1.165582e+00 -3.127427e+00 8.850204e+01
8.110714e-01 -3.138031e+00 8.864159e+01
4.500223e-01 -3.146259e+00 8.874795e+01
7.268361e-02 -3.150458e+00 8.883995e+01
3.020916e-01 -3.156586e+00 8.893047e+01
6.763450e-01 -3.166835e+00 8.902315e+01
1.050891e+00 -3.185174e+00 8.912503e+01
1.434583e+00 -3.205997e+00 8.921056e+01
1.832910e+00 -3.222114e+00 8.927715e+01
2.240743e+00 -3.234217e+00 8.932950e+01
2.662750e+00 -3.232193e+00 8.937210e+01
3.089762e+00 -3.233114e+00 8.941899e+01
3.536770e+00 -3.247013e+00 8.947222e+01
4.002128e+00 -3.269703e+00 8.952059e+01
4.475771e+00 -3.292077e+00 8.955606e+01
4.962461e+00 -3.311658e+00 8.958341e+01
5.460049e+00 -3.327578e+00 8.960332e+01
5.974572e+00 -3.344693e+00 8.962101e+01
6.504623e+00 -3.362740e+00 8.963826e+01
7.050381e+00 -3.379767e+00 8.965473e+01
7.614093e+00 -3.394968e+00 8.967153e+01
8.197957e+00 -3.409306e+00 8.968785e+01
8.800912e+00 -3.426200e+00 8.970167e+01
9.420230e+00 -3.442284e+00 8.970786e+01
1.005978e+01 -3.460292e+00 8.971666e+01
1.071458e+01 -3.477648e+00 8.971954e+01
1.138837e+01 -3.495197e+00 8.972145e+01
1.207462e+01 -3.511618e+00 8.972018e+01
1.278190e+01 -3.529809e+00 8.972729e+01
1.350501e+01 -3.549541e+00 8.973868e+01
1.424395e+01 -3.570045e+00 8.975239e+01
1.500260e+01 -3.595307e+00 8.977631e+01
1.577368e+01 -3.621398e+00 8.980526e+01
1.656055e+01 -3.645849e+00 8.984339e+01
1.735473e+01 -3.669719e+00 8.988363e+01
1.815651e+01 -3.696455e+00 8.992948e+01
1.895996e+01 -3.726996e+00 8.997884e+01
1.976819e+01 -3.758629e+00 9.003338e+01
2.058193e+01 -3.789412e+00 9.008278e+01
2.139947e+01 -3.828201e+00 9.013241e+01
2.221735e+01 -3.869642e+00 9.018269e+01
2.303432e+01 -3.908789e+00 9.022769e+01
2.385148e+01 -3.948711e+00 9.027374e+01
2.466660e+01 -3.991884e+00 9.031732e+01
2.547837e+01 -4.031552e+00 9.036500e+01
2.628880e+01 -4.070675e+00 9.041153e+01
2.710009e+01 -4.110043e+00 9.045782e+01
2.790992e+01 -4.149285e+00 9.049922e+01
2.872180e+01 -4.189372e+00 9.053737e+01
2.953344e+01 -4.227712e+00 9.056802e+01
3.034032e+01 -4.264420e+00 9.058889e+01
3.114204e+01 -4.298961e+00 9.060259e+01
3.194324e+01 -4.332533e+00 9.060409e+01
3.274069e+01 -4.366800e+00 9.059833e+01
3.353267e+01 -4.400925e+00 9.058651e+01
3.432424e+01 -4.430514e+00 9.056241e+01
3.511039e+01 -4.460151e+00 9.052962e+01
3.588915e+01 -4.490465e+00 9.049003e+01
3.666363e+01 -4.519810e+00 9.044253e+01
3.743083e+01 -4.548257e+00 9.038673e+01
3.818958e+01 -4.577147e+00 9.032361e+01
3.894049e+01 -4.607065e+00 9.025165e+01
3.968363e+01 -4.635152e+00 9.017629e+01
4.041876e+01 -4.664020e+00 9.009176e+01
4.114574e+01 -4.692210e+00 9.000290e+01
4.186324e+01 -4.721760e+00 8.991031e+01
4.257483e+01 -4.746579e+00 8.981611e+01
4.327463e+01 -4.770015e+00 8.972399e+01
4.395946e+01 -4.793116e+00 8.963442e+01
4.463116e+01 -4.815263e+00 8.954649e+01
4.528497e+01 -4.837060e+00 8.946022e+01
4.592280e+01 -4.858683e+00 8.937856e+01
4.654259e+01 -4.880596e+00 8.930650e+01
4.714397e+01 -4.902936e+00 8.924451e+01
4.772631e+01 -4.926346e+00 8.919325e+01
4.828879e+01 -4.950044e+00 8.915280e+01
4.883147e+01 -4.973119e+00 8.912695e+01
4.936647e+01 -5.001409e+00 8.912113e+01
4.989376e+01 -5.029978e+00 8.913018e+01
5.041670e+01 -5.056479e+00 8.914842e+01
5.093941e+01 -5.083698e+00 8.919154e+01
5.145679e+01 -5.111122e+00 8.925586e+01
5.196384e+01 -5.139956e+00 8.933556e+01
5.246407e+01 -5.168307e+00 8.945093e+01
5.295984e+01 -5.197886e+00 8.959271e+01
5.343056e+01 -5.228395e+00 8.975037e+01
5.388945e+01 -5.254058e+00 8.994526e+01
5.433154e+01 -5.281038e+00 9.016419e+01
5.473889e+01 -5.307765e+00 9.038860e+01
5.513319e+01 -5.336870e+00 9.066097e+01
5.549149e+01 -5.362113e+00 9.094160e+01
5.583593e+01 -5.389737e+00 9.127112e+01
5.615845e+01 -5.418165e+00 9.162030e+01
5.644855e+01 -5.448053e+00 9.196615e+01
5.672244e+01 -5.479109e+00 9.235602e+01
5.696793e+01 -5.510534e+00 9.276492e+01
5.717528e+01 -5.539453e+00 9.317127e+01