0.000002e-16 0.000002e-16 0.000002e-16
0.000100e-05 1.000000e+00 1.132200e-01
0.000001e-02 1.000000e+00 4.603400e-01
0.000001e-01 1.000000e+00 9.818100e-01
0.000001e-01 1.000000e+00 1.535440e+00
0.000001e-01 1.000000e+00 2.000000e+00
0.000001e-01 1.000000e+00 2.400001e+00
0.000001e-01 1.000000e+00 2.800001e+00
0.000001e+00 1.000000e+00 3.200001e+00
0.000001e+00 1.000000e+00 3.600001e+00
0.000001e+00 1.000000e+00 4.000001e+00
0.000001e+00 1.000000e+00 4.400001e+00
0.000001e+00 1.000000e+00 4.800001e+00
0.000001e+00 1.000000e+00 5.200001e+00
0.000001e+00 1.000000e+00 5.600001e+00
0.000001e+00 1.000000e+00 6.000000e+00
0.000001e+00 1.000000e+00 6.400000e+00
0.000001e+00 1.000000e+00 6.800000e+00
0.000001e+00 1.000000e+00 7.200000e+00
0.000001e+00 1.000000e+00 7.600000e+00
0.000001e+00 1.000000e+00 8.000000e+00
0.009330e+00 1.000000e+00 8.301690e+00
0.038380e+00 1.000000e+00 8.605960e+00
0.088730e+00 1.000000e+00 8.911320e+00
0.161870e+00 1.000000e+00 9.215910e+00
0.259100e+00 1.000000e+00 9.517470e+00
0.381370e+00 1.000000e+00 9.813370e+00
0.529200e+00 1.000000e+00 1.010062e+01
0.702490e+00 1.000000e+00 1.037603e+01
0.900450e+00 1.000000e+00 1.063634e+01
1.121571e+00 1.000000e+00 1.087843e+01
1.363661e+00 1.000000e+00 1.109955e+01
1.623970e+00 1.000000e+00 1.129751e+01
1.899380e+00 1.000000e+00 1.147080e+01
2.186630e+00 1.000000e+00 1.161863e+01
2.482530e+00 1.000000e+00 1.174009e+01
2.784090e+00 1.000000e+00 1.183813e+01
3.088680e+00 1.000000e+00 1.191127e+01
3.394040e+00 1.000000e+00 1.196162e+01
3.698310e+00 1.000000e+00 1.199067e+01
4.000000e+00 1.000000e+00 1.200000e+01
4.400000e+00 1.000000e+00 1.200000e+01
4.800000e+00 1.000000e+00 1.200000e+01
5.200000e+00 1.000000e+00 1.200000e+01
5.400000e+00 1.000000e+00 1.200000e+01
6.000000e+00 1.000000e+00 1.200000e+01
6.400000e+00 1.000000e+00 1.200000e+01
6.800000e+00 1.000000e+00 1.200000e+01
7.200000e+00 1.000000e+00 1.200000e+01
7.600000e+00 1.000000e+00 1.200000e+01
8.000000e+00 1.000000e+00 1.200000e+01
8.400000e+00 1.000000e+00 1.200000e+01
8.800000e+00 1.000000e+00 1.200000e+01
9.200000e+00 1.000000e+00 1.200000e+01
9.600000e+00 1.000000e+00 1.200000e+01
1.000000e+01 1.000000e+00 1.200000e+01
1.040000e+01 1.000000e+00 1.200000e+01
1.080000e+01 1.000000e+00 1.200000e+01
1.120000e+01 1.000000e+00 1.200000e+01
1.160000e+01 1.000000e+00 1.200000e+01
1.200000e+01 1.000000e+00 1.200000e+01
1.240000e+01 1.000000e+00 1.200000e+01
1.280000e+01 1.000000e+00 1.200000e+01
1.320000e+01 1.000000e+00 1.200000e+01
1.380000e+01 1.000000e+00 1.200000e+01
1.400000e+01 1.000000e+00 1.200000e+01
1.440000e+01 1.000000e+00 1.200000e+01
1.480000e+01 1.000000e+00 1.200000e+01
1.520000e+01 1.000000e+00 1.200000e+01
1.560000e+01 1.000000e+00 1.200000e+01
1.600000e+01 1.000000e+00 1.200000e+01
1.640000e+01 1.000000e+00 1.200000e+01
1.680000e+01 1.000000e+00 1.200000e+01
1.720000e+01 1.000000e+00 1.200000e+01
1.760000e+01 1.000000e+00 1.200000e+01
1.800000e+01 1.000000e+00 1.200000e+01
1.841614e+01 1.000000e+00 1.200000e+01
1.885455e+01 1.000000e+00 1.200000e+01
1.928491e+01 1.000000e+00 1.200000e+01
1.961700e+01 1.000000e+00 1.200000e+01
2.000000e+01 1.000000e+00 1.200000e+01
2.030169e+01 1.000000e+00 1.200933e+01
2.060596e+01 1.000000e+00 1.203838e+01
2.091132e+01 1.000000e+00 1.208873e+01
2.121591e+01 1.000000e+00 1.216187e+01
2.160000e+01 1.000000e+00 1.225910e+01
2.281337e+01 1.000000e+00 1.238137e+01
2.210062e+01 1.000000e+00 1.252900e+01
2.237603e+01 1.000000e+00 1.270249e+01
2.263634e+01 1.000000e+00 1.290045e+01
2.287743e+01 1.000000e+00 1.312157e+01
2.309955e+01 1.000000e+00 1.336366e+01
2.329751e+01 1.000000e+00 1.362397e+01
2.347080e+01 1.000000e+00 1.389937e+01
2.361863e+01 1.000000e+00 1.418663e+01
2.374090e+01 1.000000e+00 1.448253e+01
2.383813e+01 1.000000e+00 1.478409e+01
2.391127e+01 1.000000e+00 1.508868e+01
2.396162e+01 1.000000e+00 1.539404e+01
2.399067e+01 1.000000e+00 1.569831e+01
2.400000e+01 1.000000e+00 1.600000e+01
2.400000e+01 1.000000e+00 1.632830e+01
2.400000e+01 1.000000e+00 1.671509e+01
2.400000e+01 1.000000e+00 1.714545e+01
2.400000e+01 1.000000e+00 1.758386e+01
2.400000e+01 1.000000e+00 1.800000e+01
2.400000e+01 1.000000e+00 1.840000e+01
2.400000e+01 1.000000e+00 1.880000e+01
2.400000e+01 1.000000e+00 1.920000e+01
2.400000e+01 1.000000e+00 1.960000e+01
2.400000e+01 1.000000e+00 2.000000e+01
2.400000e+01 1.000000e+00 2.040000e+01
2.400000e+01 1.000000e+00 2.080000e+01
2.400000e+01 1.000000e+00 2.120000e+01
2.400000e+01 1.000000e+00 2.160000e+01
2.400000e+01 1.000000e+00 2.200000e+01
2.400000e+01 1.000000e+00 2.240000e+01
2.400000e+01 1.000000e+00 2.280000e+01
2.400000e+01 1.000000e+00 2.320000e+01
2.400000e+01 1.000000e+00 2.360000e+01
2.400000e+01 1.000000e+00 2.400000e+01
2.400000e+01 1.000000e+00 2.440000e+01
2.400000e+01 1.000000e+00 2.480000e+01
2.400000e+01 1.000000e+00 2.520000e+01
2.400000e+01 1.000000e+00 2.560000e+01
2.400000e+01 1.000000e+00 2.600000e+01
2.400000e+01 1.000000e+00 2.640000e+01
2.400000e+01 1.000000e+00 2.680000e+01
2.400000e+01 1.000000e+00 2.720000e+01
2.400000e+01 1.000000e+00 2.760000e+01
2.400000e+01 1.000000e+00 2.800000e+01
2.400000e+01 1.000000e+00 2.840000e+01
2.400000e+01 1.000000e+00 2.880000e+01
2.400000e+01 1.000000e+00 2.920000e+01
2.400000e+01 1.000000e+00 2.960000e+01
2.400000e+01 1.000000e+00 3.000000e+01
2.400000e+01 1.000000e+00 3.040000e+01
2.400000e+01 1.000000e+00 3.080000e+01
2.400000e+01 1.000000e+00 3.120000e+01
2.400000e+01 1.000000e+00 3.160000e+01
2.400000e+01 1.000000e+00 3.200000e+01
2.400000e+01 1.000000e+00 3.240000e+01
2.400000e+01 1.000000e+00 3.280000e+01
2.400000e+01 1.000000e+00 3.320000e+01
2.400000e+01 1.000000e+00 3.360000e+01
2.400000e+01 1.000000e+00 3.400000e+01
2.400000e+01 1.000000e+00 3.440000e+01
2.400000e+01 1.000000e+00 3.480000e+01
2.400000e+01 1.000000e+00 3.520000e+01
2.400000e+01 1.000000e+00 3.560000e+01
2.400000e+01 1.000000e+00 3.600000e+01
2.400000e+01 1.000000e+00 3.640000e+01
2.400000e+01 1.000000e+00 3.680000e+01
2.400000e+01 1.000000e+00 3.720000e+01
2.400000e+01 1.000000e+00 3.760000e+01
2.400000e+01 1.000000e+00 3.800000e+01
2.400000e+01 1.000000e+00 3.840000e+01
2.400000e+01 1.000000e+00 3.880000e+01
2.400000e+01 1.000000e+00 3.920000e+01
2.400000e+01 1.000000e+00 3.960000e+01
2.400000e+01 1.000000e+00 4.000000e+01
2.400000e+01 1.000000e+00 4.040000e+01
2.400000e+01 1.000000e+00 4.080000e+01
2.400000e+01 1.000000e+00 4.120000e+01
2.400000e+01 1.000000e+00 4.160000e+01
2.400000e+01 1.000000e+00 4.200000e+01
2.400000e+01 1.000000e+00 4.240000e+01
2.400000e+01 1.000000e+00 4.280000e+01
2.400000e+01 1.000000e+00 4.320000e+01
2.400000e+01 1.000000e+00 4.360000e+01
2.400000e+01 1.000000e+00 4.400000e+01
2.400000e+01 1.000000e+00 4.440000e+01
2.400000e+01 1.000000e+00 4.480000e+01
2.400000e+01 1.000000e+00 4.520000e+01
2.400000e+01 1.000000e+00 4.560000e+01
2.400000e+01 1.000000e+00 4.600000e+01
2.400000e+01 1.000000e+00 4.640000e+01
2.400000e+01 1.000000e+00 4.680000e+01
2.400000e+01 1.000000e+00 4.720000e+01
2.400000e+01 1.000000e+00 4.760000e+01
2.400000e+01 1.000000e+00 4.800000e+01
2.400000e+01 1.000000e+00 4.840000e+01
2.400000e+01 1.000000e+00 4.880000e+01
2.400000e+01 1.000000e+00 4.920000e+01
2.400000e+01 1.000000e+00 4.960000e+01
2.400000e+01 1.000000e+00 5.000000e+01
2.400000e+01 1.000000e+00 5.040000e+01
2.400000e+01 1.000000e+00 5.080000e+01
2.400000e+01 1.000000e+00 5.120000e+01
2.400000e+01 1.000000e+00 5.160000e+01
2.400000e+01 1.000000e+00 5.200000e+01
2.400000e+01 1.000000e+00 5.240000e+01
2.400000e+01 1.000000e+00 5.280000e+01
2.400000e+01 1.000000e+00 5.320000e+01
2.400000e+01 1.000000e+00 5.360000e+01
2.400000e+01 1.000000e+00 5.400000e+01
2.400000e+01 1.000000e+00 5.441614e+01
2.400000e+01 1.000000e+00 5.485455e+01
2.400000e+01 1.000000e+00 5.528491e+01
2.400000e+01 1.000000e+00 5.567170e+01
2.400000e+01 1.000000e+00 5.600000e+01
2.399067e+01 1.000000e+00 5.630169e+01
2.396162e+01 1.000000e+00 5.660596e+01
2.391127e+01 1.000000e+00 5.691132e+01
2.383813e+01 1.000000e+00 5.721591e+01
2.374090e+01 1.000000e+00 5.751747e+01
2.361863e+01 1.000000e+00 5.781337e+01
2.347080e+01 1.000000e+00 5.810062e+01
2.329751e+01 1.000000e+00 5.837603e+01
2.309955e+01 1.000000e+00 5.863634e+01
2.287843e+01 1.000000e+00 5.887843e+01
2.263634e+01 1.000000e+00 5.909955e+01
2.237603e+01 1.000000e+00 5.929751e+01
2.210062e+01 1.000000e+00 5.947080e+01
2.181337e+01 1.000000e+00 5.961863e+01
2.151747e+01 1.000000e+00 5.971091e+01
2.121591e+01 1.000000e+00 5.982813e+01
2.091132e+01 1.000000e+00 5.991127e+01
2.060596e+01 1.000000e+00 5.996162e+01
2.030169e+01 1.000000e+00 5.999067e+01
2.000000e+01 1.000000e+00 6.000000e+01
1.967170e+01 1.000000e+00 6.000000e+01
1.928491e+01 1.000000e+00 6.000000e+01
1.885455e+01 1.000000e+00 6.000000e+01
1.841614e+01 1.000000e+00 6.000000e+01
1.800000e+01 1.000000e+00 6.000000e+01
1.760000e+01 1.000000e+00 6.000000e+01
1.720000e+01 1.000000e+00 6.000000e+01
1.680000e+01 1.000000e+00 6.000000e+01
1.640000e+01 1.000000e+00 6.000000e+01
1.600000e+01 1.000000e+00 6.000000e+01
1.560000e+01 1.000000e+00 6.000000e+01
1.520000e+01 1.000000e+00 6.000000e+01
1.480000e+01 1.000000e+00 6.000000e+01
1.440000e+01 1.000000e+00 6.000000e+01
1.400000e+01 1.000000e+00 6.000000e+01
1.360000e+01 1.000000e+00 6.000000e+01
1.320000e+01 1.000000e+00 6.000000e+01
1.280000e+01 1.000000e+00 6.000000e+01
1.240000e+01 1.000000e+00 6.000000e+01
1.200000e+01 1.000000e+00 6.000000e+01
1.160000e+01 1.000000e+00 6.000000e+01
1.120000e+01 1.000000e+00 6.000000e+01
1.080000e+01 1.000000e+00 6.000000e+01
1.040000e+01 1.000000e+00 6.000000e+01
1.000000e+01 1.000000e+00 6.000000e+01
9.600000e+00 1.000000e+00 6.000000e+01
9.200000e+00 1.000000e+00 6.000000e+01
8.800000e+00 1.000000e+00 6.000000e+01
8.400000e+00 1.000000e+00 6.000000e+01
8.000000e+00 1.000000e+00 6.000000e+01
7.600000e+00 1.000000e+00 6.000000e+01
7.200000e+00 1.000000e+00 6.000000e+01
6.800000e+00 1.000000e+00 6.000000e+01
6.400000e+00 1.000000e+00 6.000000e+01
6.000000e+00 1.000000e+00 6.000000e+01
5.583860e+00 1.000000e+00 6.000000e+01
5.145450e+00 1.000000e+00 6.000000e+01
4.715080e+00 1.000000e+00 6.000000e+01
4.328300e+00 1.000000e+00 6.000000e+01
4.000000e+00 1.000000e+00 6.000000e+01
3.698310e+00 1.000000e+00 5.999067e+01
3.394040e+00 1.000000e+00 5.996162e+01
3.088680e+00 1.000000e+00 5.991127e+01
2.784090e+00 1.000000e+00 5.983813e+01
2.482530e+00 1.000000e+00 5.974090e+01
2.186630e+00 1.000000e+00 5.961863e+01
1.899380e+00 1.000000e+00 5.947080e+01
1.623970e+00 1.000000e+00 5.929751e+01
1.363660e+00 1.000000e+00 5.909955e+01
1.121570e+00 1.000000e+00 5.887843e+01
9.004500e-01 1.000000e+00 5.863634e+01
7.024900e-01 1.000000e+00 5.837603e+01
5.292000e-01 1.000000e+00 5.810062e+01
3.813700e-01 1.000000e+00 5.781337e+01
2.591000e-01 1.000000e+00 5.751747e+01
1.618700e-01 1.000000e+00 5.721591e+01
8.873000e-02 1.000000e+00 5.691132e+01
3.838000e-02 1.000000e+00 5.660596e+01
9.330000e-03 1.000000e+00 5.630169e+01
0.000001e+00 1.000000e+00 5.600000e+01
0.000001e+00 1.000000e+00 5.567170e+01
0.000001e+00 1.000000e+00 5.528491e+01
0.000001e+00 1.000000e+00 5.485455e+01
0.000001e+00 1.000000e+00 5.441614e+01
0.000001e+00 1.000000e+00 5.400000e+01
0.000001e+00 1.000000e+00 5.360000e+01
0.000001e+00 1.000000e+00 5.320000e+01
0.000001e+00 1.000000e+00 5.280000e+01
0.000001e+00 1.000000e+00 5.240000e+01
0.000001e+00 1.000000e+00 5.200000e+01
0.000001e+00 1.000000e+00 5.160000e+01
0.000001e+00 1.000000e+00 5.120000e+01
0.000001e+00 1.000000e+00 5.080000e+01
0.000001e+00 1.000000e+00 5.040000e+01
0.000001e+00 1.000000e+00 5.000000e+01
0.000001e+00 1.000000e+00 4.960000e+01
0.000001e+00 1.000000e+00 4.920000e+01
0.000001e+00 1.000000e+00 4.880000e+01
0.000001e+00 1.000000e+00 4.840000e+01
0.000001e+00 1.000000e+00 4.800000e+01
0.000001e+00 1.000000e+00 4.760000e+01
0.000001e+00 1.000000e+00 4.720000e+01
0.000001e+00 1.000000e+00 4.680000e+01
0.000001e+00 1.000000e+00 4.640000e+01
0.000001e+00 1.000000e+00 4.600000e+01
0.000001e+00 1.000000e+00 4.560000e+01
0.000001e+00 1.000000e+00 4.520000e+01
0.000001e+00 1.000000e+00 4.480000e+01
0.000001e+00 1.000000e+00 4.440000e+01
0.000001e+00 1.000000e+00 4.400000e+01
0.000001e+00 1.000000e+00 4.360000e+01
0.000001e+00 1.000000e+00 4.320000e+01
0.000001e+00 1.000000e+00 4.280000e+01
0.000001e+00 1.000000e+00 4.240000e+01
0.000001e+00 1.000000e+00 4.200000e+01
0.000001e+00 1.000000e+00 4.160000e+01
0.000001e+00 1.000000e+00 4.120000e+01
0.000001e+00 1.000000e+00 4.080000e+01
0.000001e+00 1.000000e+00 4.040000e+01
0.000001e+00 1.000000e+00 4.000000e+01
0.000001e+00 1.000000e+00 3.960000e+01
0.000001e+00 1.000000e+00 3.920000e+01
0.000001e+00 1.000000e+00 3.880000e+01
0.000001e+00 1.000000e+00 3.840000e+01
0.000001e+00 1.000000e+00 3.800000e+01
0.000001e+00 1.000000e+00 3.760000e+01
0.000001e+00 1.000000e+00 3.720000e+01
0.000001e+00 1.000000e+00 3.680000e+01
0.000001e+00 1.000000e+00 3.640000e+01
0.000001e+00 1.000000e+00 3.600000e+01
0.000001e+00 1.000000e+00 3.560000e+01
0.000001e+00 1.000000e+00 3.520000e+01
0.000001e+00 1.000000e+00 3.480000e+01
0.000001e+00 1.000000e+00 3.440000e+01
0.000001e+00 1.000000e+00 3.400000e+01
0.000001e+00 1.000000e+00 3.360000e+01
0.000001e+00 1.000000e+00 3.320000e+01
0.000001e+00 1.000000e+00 3.280000e+01
0.000001e+00 1.000000e+00 3.240000e+01
0.000001e+00 1.000000e+00 3.200000e+01
0.000001e+00 1.000000e+00 3.160000e+01
0.000001e+00 1.000000e+00 3.120000e+01
0.000001e+00 1.000000e+00 3.080000e+01
0.000001e+00 1.000000e+00 3.040000e+01
0.000001e+00 1.000000e+00 3.000000e+01
0.000001e+00 1.000000e+00 2.960000e+01
0.000001e+00 1.000000e+00 2.920000e+01
0.000001e+00 1.000000e+00 2.880000e+01
0.000001e+00 1.000000e+00 2.840000e+01
0.000001e+00 1.000000e+00 2.800000e+01
0.000001e+00 1.000000e+00 2.760000e+01
0.000001e+00 1.000000e+00 2.720000e+01
0.000001e+00 1.000000e+00 2.680000e+01
0.000001e+00 1.000000e+00 2.640000e+01
0.000001e+00 1.000000e+00 2.600000e+01
0.000001e+00 1.000000e+00 2.560000e+01
0.000001e+00 1.000000e+00 2.520000e+01
0.000001e+00 1.000000e+00 2.480000e+01
0.000001e+00 1.000000e+00 2.440000e+01
0.000001e+00 1.000000e+00 2.400000e+01
0.000001e+00 1.000000e+00 2.260000e+01
0.000001e+00 1.000000e+00 2.320000e+01
0.000001e+00 1.000000e+00 2.280000e+01
0.000001e+00 1.000000e+00 2.240000e+01
0.000001e+00 1.000000e+00 2.200000e+01
0.000001e+00 1.000000e+00 2.160000e+01
0.000001e+00 1.000000e+00 2.120000e+01
0.000001e+00 1.000000e+00 2.080000e+01
0.000001e+00 1.000000e+00 2.040000e+01
0.000001e+00 1.000000e+00 2.000000e+01
0.000001e+00 1.000000e+00 1.960000e+01
0.000001e+00 1.000000e+00 1.920000e+01
0.000001e+00 1.000000e+00 1.880000e+01
0.000001e+00 1.000000e+00 1.840000e+01
0.000001e+00 1.000000e+00 1.800000e+01
0.000001e+00 1.000000e+00 1.758386e+01
0.000001e+00 1.000000e+00 1.714575e+01
0.000001e+00 1.000000e+00 1.671509e+01
0.000001e+00 1.000000e+00 1.632830e+01
0.000001e+00 1.000000e+00 1.600000e+01
-9.330000e-03 1.000000e+00 1.569831e+01
-3.838000e-02 1.000000e+00 1.539404e+01
-8.887300e-02 1.000000e+00 1.508868e+01
-1.618700e-01 1.000000e+00 1.478409e+01
-2.591000e-01 1.000000e+00 1.448253e+01
-3.813700e-01 1.000000e+00 1.418663e+01
-5.292000e-01 1.000000e+00 1.389938e+01
-7.024900e-01 1.000000e+00 1.362397e+01
-9.004500e-01 1.000000e+00 1.336366e+01
-1.121570e+00 1.000000e+00 1.312157e+01
-1.363660e+00 1.000000e+00 1.290045e+01
-1.623970e+00 1.000000e+00 1.270249e+01
-1.899380e+00 1.000000e+00 1.252920e+01
-2.18663e+00 1.000000e+00 1.238137e+01
-2.482530e+00 1.000000e+00 1.225910e+01
-2.784090e+00 1.000000e+00 1.216187e+01
-3.088680e+00 1.000000e+00 1.208873e+01
-3.394040e+00 1.000000e+00 1.203838e+01
-3.698310e+00 1.000000e+00 1.200933e+01
-4.000000e+00 1.000000e+00 1.200000e+01
-4.328230e+00 1.000000e+00 1.200000e+01
-4.715080e+00 1.000000e+00 1.200000e+01
-5.145450e+00 1.000000e+00 1.200000e+01
-5.583860e+00 1.000000e+00 1.200000e+01
-6.000000e+00 1.000000e+00 1.200000e+01
-6.40000e+00 1.000000e+00 1.200000e+01
-6.800000e+00 1.000000e+00 1.200000e+01
-7.200000e+00 1.000000e+00 1.200000e+01
-7.600000e+00 1.000000e+00 1.200000e+01
-8.000000e+00 1.000000e+00 1.200000e+01
-8.400000e+00 1.000000e+00 1.200000e+01
-8.800000e+00 1.000000e+00 1.200000e+01
-9.200000e+00 1.000000e+00 1.200000e+01
-9.600000e+00 1.000000e+00 1.200000e+01
-1.000000e+01 1.000000e+00 1.200000e+01
-1.040000e+01 1.000000e+00 1.200000e+01
-1.080000e+01 1.000000e+00 1.200000e+01
-1.120000e+01 1.000000e+00 1.200000e+01
-1.160000e+01 1.000000e+00 1.200000e+01
-1.200000e+01 1.000000e+00 1.200000e+01
-1.240000e+01 1.000000e+00 1.200000e+01
-1.280000e+01 1.000000e+00 1.200000e+01
-1.320000e+01 1.000000e+00 1.200000e+01
-1.360000e+01 1.000000e+00 1.200000e+01
-1.400000e+01 1.000000e+00 1.200000e+01
-1.440000e+01 1.000000e+00 1.200000e+01
-1.480000e+01 1.000000e+00 1.200000e+01
-1.520000e+01 1.000000e+00 1.200000e+01
-1.560000e+01 1.000000e+00 1.200000e+01
-1.600000e+01 1.000000e+00 1.200000e+01
-1.640000e+01 1.000000e+00 1.200000e+01
-1.680000e+01 1.000000e+00 1.200000e+01
-1.720000e+01 1.000000e+00 1.200000e+01
-1.760000e+01 1.000000e+00 1.200000e+01
-1.800000e+01 1.000000e+00 1.200000e+01
-1.840000e+01 1.000000e+00 1.200000e+01
-1.880000e+01 1.000000e+00 1.200000e+01
-1.920000e+01 1.000000e+00 1.200000e+01
-1.960000e+01 1.000000e+00 1.200000e+01
-2.000000e+01 1.000000e+00 1.200000e+01
-2.040000e+01 1.000000e+00 1.200000e+01
-2.080000e+01 1.000000e+00 1.200000e+01
-2.120000e+01 1.000000e+00 1.200000e+01
-2.160000e+01 1.000000e+00 1.200000e+01
-2.200000e+01 1.000000e+00 1.200000e+01
-2.240000e+01 1.000000e+00 1.200000e+01
-2.280000e+01 1.000000e+00 1.200000e+01
-2.320000e+01 1.000000e+00 1.200000e+01
-2.360000e+01 1.000000e+00 1.200000e+01
-2.400000e+01 1.000000e+00 1.200000e+01
-2.440000e+01 1.000000e+00 1.200000e+01
-2.480000e+01 1.000000e+00 1.200000e+01
-2.520000e+01 1.000000e+00 1.200000e+01
-2.560000e+01 1.000000e+00 1.200000e+01
-2.600000e+01 1.000000e+00 1.200000e+01
-2.640000e+01 1.000000e+00 1.200000e+01
-2.680000e+01 1.000000e+00 1.200000e+01
-2.720000e+01 1.000000e+00 1.200000e+01
-2.760000e+01 1.000000e+00 1.200000e+01
-2.800000e+01 1.000000e+00 1.200000e+01
-2.840000e+01 1.000000e+00 1.200000e+01
-2.880000e+01 1.000000e+00 1.200000e+01
-2.920000e+01 1.000000e+00 1.200000e+01
-2.960000e+01 1.000000e+00 1.200000e+01
-3.000000e+01 1.000000e+00 1.200000e+01
-3.040000e+01 1.000000e+00 1.200000e+01
-3.080000e+01 1.000000e+00 1.200000e+01
-3.120000e+01 1.000000e+00 1.200000e+01
-3.160000e+01 1.000000e+00 1.200000e+01
-3.200000e+01 1.000000e+00 1.200000e+01
-3.240000e+01 1.000000e+00 1.200000e+01
-3.280000e+01 1.000000e+00 1.200000e+01
-3.320000e+01 1.000000e+00 1.200000e+01
-3.360000e+01 1.000000e+00 1.200000e+01
-3.400000e+01 1.000000e+00 1.200000e+01
-3.441614e+01 1.000000e+00 1.200000e+01
-3.485455e+01 1.000000e+00 1.200000e+01
-3.528491e+01 1.000000e+00 1.200000e+01
-3.567170e+01 1.000000e+00 1.200000e+01
-3.600000e+01 1.000000e+00 1.200000e+01
-3.630169e+01 1.000000e+00 1.200933e+01
-3.660596e+01 1.000000e+00 1.203838e+01
-3.691132e+01 1.000000e+00 1.208873e+01
-3.721591e+01 1.000000e+00 1.216187e+01
-3.751747e+01 1.000000e+00 1.225910e+01
-3.781337e+01 1.000000e+00 1.238137e+01
-3.810062e+01 1.000000e+00 1.252920e+01
-3.837603e+01 1.000000e+00 1.270249e+01
-3.863634e+01 1.000000e+00 1.290045e+01
-3.887843e+01 1.000000e+00 1.312157e+01
-3.909955e+01 1.000000e+00 1.336366e+01
-3.929751e+01 1.000000e+00 1.362397e+01
-3.947080e+01 1.000000e+00 1.389937e+01
-3.961863e+01 1.000000e+00 1.418663e+01
-3.974091e+01 1.000000e+00 1.448253e+01
-3.983813e+01 1.000000e+00 1.478409e+01
-3.991127e+01 1.000000e+00 1.508868e+01
-3.996162e+01 1.000000e+00 1.539404e+01
-3.999067e+01 1.000000e+00 1.569831e+01
-4.000000e+01 1.000000e+00 1.600000e+01
-4.000000e+01 1.000000e+00 1.632830e+01
-4.000000e+01 1.000000e+00 1.671509e+01
-4.000000e+01 1.000000e+00 1.714545e+01
-4.000000e+01 1.000000e+00 1.758386e+01
-4.000000e+01 1.000000e+00 1.800000e+01
-4.000000e+01 1.000000e+00 1.840000e+01
-4.000000e+01 1.000000e+00 1.880000e+01
-4.000000e+01 1.000000e+00 1.920000e+01
-4.000000e+01 1.000000e+00 1.960000e+01
-4.000000e+01 1.000000e+00 2.000000e+01
-4.000000e+01 1.000000e+00 2.040000e+01
-4.000000e+01 1.000000e+00 2.080000e+01
-4.000000e+01 1.000000e+00 2.120000e+01
-4.000000e+01 1.000000e+00 2.160000e+01
-4.000000e+01 1.000000e+00 2.200000e+01
-4.000000e+01 1.000000e+00 2.240000e+01
-4.000000e+01 1.000000e+00 2.280000e+01
-4.000000e+01 1.000000e+00 2.320000e+01
-4.000000e+01 1.000000e+00 2.360000e+01
-4.000000e+01 1.000000e+00 2.400000e+01
-4.000000e+01 1.000000e+00 2.440000e+01
-4.000000e+01 1.000000e+00 2.480000e+01
-4.000000e+01 1.000000e+00 2.520000e+01
-4.000000e+01 1.000000e+00 2.560000e+01
-4.000000e+01 1.000000e+00 2.600000e+01
-4.000000e+01 1.000000e+00 2.640000e+01
-4.000000e+01 1.000000e+00 2.680000e+01
-4.000000e+01 1.000000e+00 2.720000e+01
-4.000000e+01 1.000000e+00 2.760000e+01
-4.000000e+01 1.000000e+00 2.800000e+01
-4.000000e+01 1.000000e+00 2.840000e+01
-4.000000e+01 1.000000e+00 2.880000e+01
-4.000000e+01 1.000000e+00 2.920000e+01
-4.000000e+01 1.000000e+00 2.960000e+01
-4.000000e+01 1.000000e+00 3.000000e+01
-4.000000e+01 1.000000e+00 3.046456e+01
-4.000000e+01 1.000000e+00 3.101818e+01
-4.000000e+01 1.000000e+00 3.153967e+01
-4.000000e+01 1.000000e+00 3.188678e+01
-4.000000e+01 1.000000e+00 3.200000e+01
-4.000000e+01 1.000000e+00 3.200000e+01